
海拔服务：
json格式
{
   "results" : [
      {
         "elevation" : 1608.637939453125,
         "location" : {
            "lat" : 39.73915360,
            "lng" : -104.98470340
         },
         "resolution" : 4.771975994110107
      }
   ],
   "status" : "OK"
}
使用限制：
	标准 API 的用户：
	每天 2,500 次免费请求，按客户端与服务器端查询次数之和计算。
	每次请求 512 个位置。
	每秒 50 次请求，按客户端与服务器端查询次数之和计算。


静态地图服务：

https://maps.googleapis.com/maps/api/staticmap?center=20,92&zoom=6&size=500x500&maptype=roadmap&key=AIzaSyDTM6sg5VMA7jrSvZ3MCyvK16RESl1UwSo

center：中心点经纬度
zoom：缩放比例，需要根据地图范围计算
size：图像大小，图像高/宽=地图范围南北方向/东西方向
maptype：图像类型，roadmap 标准路线图图像， satellite 卫星图像 ，terrain 自然地形地图图像，hybrid 混合卫星和路线


Trr00    29/86/23/90--
Trr10    29/90/23/94--
Trr01    23/86/17/90-
Trr11    23/90/17/94--

Trr10Data complete!!!!!!!29,90(0.0, 54.8, 0.0) ; 29.0148066281017,92(31.3, 53.0, 0.0) ; 29,94(62.6, 47.1, 0.0) ; 26,90(0.0, 0.4, 50.0) ; 26.0137587562804,92(31.3, 2.7, 50.0) ; 26,94(62.6, 7.0, 50.0) ; 23,90(0.0, 0.0, 100.0) ; 23.0125600561235,92(31.3, 0.5, 100.0) ; 23,94(62.6, 2.1, 100.0) ; 
Trr01Data complete!!!!!!!23,86(0.0, 1.9, 0.0) ; 23.0125600561235,88(31.3, 0.2, 0.0) ; 23,90(62.6, 0.0, 0.0) ; 20,86(0.0, 0.1, 50.0) ; 20.0112236582944,88(31.3, -9.4, 50.0) ; 20,90(62.6, -12.6, 50.0) ; 17,86(0.0, -26.9, 100.0) ; 17.0097642059082,88(31.3, -24.9, 100.0) ; 17,90(62.6, -23.6, 100.0) ; 


Trr00Data complete!!!!!!!23,86(0.0, 1.9, 0.0) ; 23.0111643298624,87.3332965558957(20.9, 0.7, 0.0) ; 23.0111643298624,88.6667034441043(41.8, 0.1, 0.0) ; 23,90(62.6, 0.0, 0.0) ; 29,86(0.0, 49.2, 100.0) ; 29.0131612288278,87.3332767161162(20.9, 54.3, 100.0) ; 29.0131612288278,88.6667232838838(41.8, 44.1, 100.0) ; 29,90(62.6, 54.8, 100.0) ; 
Trr01Data complete!!!!!!!17,86(0.0, -26.9, 0.0) ; 17.0086791794542,87.3333127406976(20.9, -25.1, 0.0) ; 17.0086791794542,88.6666872593024(41.8, -24.7, 0.0) ; 17,90(62.6, -23.6, 0.0) ; 23,86(0.0, 1.9, 100.0) ; 23.0111643298624,87.3332965558957(20.9, 0.7, 100.0) ; 23.0111643298624,88.6667034441043(41.8, 0.1, 100.0) ; 23,90(62.6, 0.0, 100.0) ; 
Trr10Data complete!!!!!!!23,90(0.0, 0.0, 0.0) ; 23.0111643298624,91.3332965558957(20.9, 0.1, 0.0) ; 23.0111643298624,92.6667034441043(41.8, 2.7, 0.0) ; 23,94(62.6, 2.1, 0.0) ; 29,90(0.0, 54.8, 100.0) ; 29.0131612288278,91.3332767161162(20.9, 47.8, 100.0) ; 29.0131612288278,92.6667232838838(41.8, 40.4, 100.0) ; 29,94(62.6, 47.1, 100.0) ; 
Trr11Data complete!!!!!!!17,90(0.0, -23.6, 0.0) ; 17.0086791794542,91.3333127406976(20.9, -23.0, 0.0) ; 17.0086791794542,92.6666872593024(41.8, -23.5, 0.0) ; 17,94(62.6, -8.1, 0.0) ; 23,90(0.0, 0.0, 100.0) ; 23.0111643298624,91.3332965558957(20.9, 0.1, 100.0) ; 23.0111643298624,92.6667034441043(41.8, 2.7, 100.0) ; 23,94(62.6, 2.1, 100.0) ; 



